---
title: 中日性别问题比较研究
tags: 新建,模板,小书匠
grammar_cjkRuby: true
grammar_plot: true
---

# 从《全球性别差异报告》看中日性别问题

《全球性别差距报告》由世界经济论坛发布，是对全球各国性别差异的评估。当得分高于1时，表示女性比男性地位更高，反之代表男性地位更高，可能的最低得分为0。
下图是2006-2015年，中国、日本、冰岛、美国的得分统计图。(详细数据请见附录)

```plot!
{
"data": [[[2006, 0.6561], [2007, 0.6643], [2008, 0.6878], [2009, 0.6907], [2010, 0.6881], [2011, 0.6866], [2012, 0.6853], [2013, 0.6908], [2014, 0.683], [2015, 0.682], [2016, 0.676]], [[2006, 0.6447], [2007, 0.6455], [2008, 0.6434], [2009, 0.6447], [2010, 0.6524], [2011, 0.6514], [2012, 0.653], [2013, 0.6498], [2014, 0.6584], [2015, 0.67], [2016, 0.66]], [[2006, 0.7813], [2007, 0.7836], [2008, 0.7999], [2009, 0.8276], [2010, 0.8496], [2011, 0.853], [2012, 0.864], [2013, 0.8731], [2014, 0.8594], [2015, 0.881], [2016, 0.874]], [[2006, 0.7042], [2007, 0.7002], [2008, 0.7179], [2009, 0.7173], [2010, 0.7411], [2011, 0.7412], [2012, 0.7373], [2013, 0.7392], [2014, 0.7463], [2015, 0.74], [2016, 0.722]], [[2006, 0.661], [2007, 0.666], [2008, 0.673], [2009, 0.677], [2010, 0.677], [2011, 0.679], [2012, 0.684], [2013, 0.686], [2014, 0.692], [2015, 0.694], [2016, 0.694]]],
"options": { "yaxis": { "max": 0.75 } }
}
```
上图中，绿色为美国，黄色为中国，紫色为世界平均，蓝色为日本。
```plot!
{
"data":[[[2006, 62], [2007, 71], [2008, 55], [2009, 58], [2010, 61], [2011, 61], [2012, 69], [2013, 70], [2014, 84], [2015, 90], [2016, 99]], [[2006, 79], [2007, 89], [2008, 96], [2009, 99], [2010, 94], [2011, 98], [2012, 101], [2013, 105], [2014, 100], [2015, 100], [2016, 111]], [[2006, 23], [2007, 30], [2008, 27], [2009, 31], [2010, 19], [2011, 17], [2012, 22], [2013, 23], [2014, 19], [2015, 30], [2016, 45]]],
"options": { "yaxis": { "max": 120 } }
}
```
上图中，红色为美国，黄色为中国，蓝色为日本。可以明显看出的是，中日两国均与美国有较大差距，且近几年低于世界平均水平。


  # 附录
